,tijd (s),versnelling (m/s^2)
0,0.0,0.0
1,0.010033444816053512,1.39976290663073e-09
2,0.020066889632107024,5.746183142039714e-09
3,0.030100334448160532,1.3227529106502382e-08
4,0.04013377926421405,2.399366127800367e-08
5,0.05016722408026756,3.828219311668892e-08
6,0.06020066889632107,5.641941220691143e-08
7,0.07023411371237459,7.882028025723244e-08
8,0.0802675585284281,1.0598843310042104e-07
9,0.0903010033444816,1.385161806934543e-07
10,0.10033444816053512,1.7708450711751718e-07
11,0.11036789297658864,2.2246307057800257e-07
12,0.12040133779264214,2.800588140480362e-07
13,0.13043478260869565,3.540946955318841e-07
14,0.14046822742474918,4.418230850027558e-07
15,0.1505016722408027,5.413933506506071e-07
16,0.1605351170568562,6.518843299699524e-07
17,0.17056856187290967,7.733043297598627e-07
18,0.1806020066889632,9.065911261239676e-07
19,0.19063545150501676,1.0536119644704537e-06
20,0.20066889632107024,1.2171635595120632e-06
21,0.21070234113712372,1.4009720952660987e-06
22,0.22073578595317728,1.6096932250544205e-06
23,0.2307692307692308,1.8489120715034436e-06
24,0.2408026755852843,2.125143226544141e-06
25,0.25083612040133774,2.445830751412044e-06
26,0.2608695652173913,2.819348176647246e-06
27,0.2709030100334448,3.2549985020943896e-06
28,0.2809364548494984,3.763014196902684e-06
29,0.29096989966555187,4.354557199525879e-06
30,0.3010033444816054,5.0417189177223025e-06
31,0.3110367892976589,5.860846208895938e-06
32,0.3210702341137124,6.8498840153459515e-06
33,0.3311036789297659,7.996222041515343e-06
34,0.34113712374581934,9.296020767289739e-06
35,0.3511705685618729,1.075537019235853e-05
36,0.3612040133779264,1.2390289836214806e-05
37,0.37123745819398,1.4226728738155438e-05
38,0.3812709030100335,1.6300565457280974e-05
39,0.391304347826087,1.865760807249574e-05
40,0.4013377926421405,2.1353594182507826e-05
41,0.411371237458194,2.4454190905829024e-05
42,0.42140468227424743,2.803499488077483e-05
43,0.43143812709030094,3.218153226546459e-05
44,0.44147157190635455,3.698925873782133e-05
45,0.45150501672240806,4.2563559495571725e-05
46,0.4615384615384616,4.9019749256246306e-05
47,0.4715719063545151,5.650333515278627e-05
48,0.4816053511705686,6.524238141889228e-05
49,0.4916387959866221,7.531796883488451e-05
50,0.5016722408026756,8.684130427254765e-05
51,0.5117056856187291,9.998623487801468e-05
52,0.5217391304347826,0.00011498924807176688
53,0.5317725752508361,0.00013214947154863382
54,0.5418060200668896,0.00015182867327779334
55,0.5518394648829431,0.00017445126150277145
56,0.5618729096989967,0.00020050428474144288
57,0.5719063545150502,0.00023053743178602957
58,0.5819397993311037,0.0002651630317031028
59,0.5919732441471572,0.0003050568215347813
60,0.6020066889632107,0.000351393151725103
61,0.6120401337792643,0.00040501224009954024
62,0.6220735785953178,0.0004664773548662331
63,0.6321070234113713,0.0005366557775260587
64,0.6421404682274248,0.0006167188028726315
65,0.6521739130434783,0.0007081417389923034
66,0.6622073578595318,0.0008127039072641638
67,0.6722408026755853,0.0009324886423600391
68,0.6822742474916388,0.0010698832922444934
69,0.6923076923076923,0.0012275792181748277
70,0.7023411371237458,0.0014085717947010805
71,0.7123745819397993,0.0016161604096660278
72,0.7224080267558528,0.0018540888940708348
73,0.7324414715719064,0.002126625259717227
74,0.7424749163879598,0.002437794384680596
75,0.7525083612040134,0.0027922257409646856
76,0.7625418060200668,0.0031952292911009783
77,0.7725752508361203,0.0036527954881487618
78,0.782608695652174,0.004171595275695079
79,0.7926421404682273,0.004758980087854731
80,0.802675585284281,0.005422981849270332
81,0.8127090301003344,0.00617231297511221
82,0.8227424749163879,0.007016366371078525
83,0.8327759197324415,0.007965080779970737
84,0.8428093645484949,0.009027715917097888
85,0.8528428093645485,0.010214465277611766
86,0.8628762541806019,0.01153532816533993
87,0.8729096989966555,0.012999715029524564
88,0.8829431438127091,0.014616447464822274
89,0.8929765886287626,0.016393758211304198
90,0.903010033444816,0.01833929115445598
91,0.9130434782608696,0.02046010132517786
92,0.9230769230769232,0.022762654899784494
93,0.9331103678929766,0.02525282920000501
94,0.94314381270903,0.02793591269298316
95,0.9531772575250835,0.0308166098853533
96,0.9632107023411373,0.03389482279129454
97,0.9732441471571905,0.03716593868644191
98,0.983277591973244,0.04062460907774877
99,0.9933110367892976,0.04426482793260468
100,1.0033444816053512,0.048079931678835786
101,1.0133779264214047,0.052062599204704595
102,1.023411371237458,0.05620485185891012
103,1.0334448160535117,0.06049805345058818
104,1.0434782608695652,0.06493291024931051
105,1.0535117056856187,0.06949947098508569
106,1.063545150501672,0.07418712684835861
107,1.0735785953177257,0.07898461149001103
108,1.0836120401337792,0.08388000102136053
109,1.0936454849498327,0.08885844251461243
110,1.1036789297658862,0.09390563695100072
111,1.1137123745819395,0.0990109569555214
112,1.1237458193979935,0.10416397189218128
113,1.1337792642140467,0.10935444086825791
114,1.1438127090301005,0.11457231273430206
115,1.153846153846154,0.11980772608413554
116,1.1638795986622075,0.12505100925485246
117,1.1739130434782608,0.13029268032681868
118,1.1839464882943145,0.13552344712367245
119,1.193979933110368,0.14073420721232327
120,1.2040133779264215,0.14591604790295293
121,1.2140468227424748,0.15106024624901507
122,1.2240802675585285,0.15615826904723557
123,1.234113712374582,0.16120179598420056
124,1.2441471571906355,0.16618490370812616
125,1.254180602006689,0.17110484885222338
126,1.2642140468227423,0.17595911032817718
127,1.274247491638796,0.18074518835017214
128,1.2842809364548495,0.1854606044348913
129,1.294314381270903,0.19010290140151714
130,1.3043478260869563,0.194669643371731
131,1.31438127090301,0.19915841576971394
132,1.3244147157190636,0.20356682532214518
133,1.334448160535117,0.20789250005820364
134,1.3444816053511703,0.21213308930956715
135,1.354515050167224,0.21628626371041285
136,1.3645484949832776,0.22034971519741658
137,1.374581939799331,0.2243211570097536
138,1.3846153846153844,0.22819832368909798
139,1.394648829431438,0.231979381724515
140,1.4046822742474916,0.2356669737951311
141,1.414715719063545,0.23926311187687588
142,1.4247491638795986,0.24276909464123494
143,1.434782608695652,0.24618617031782652
144,1.4448160535117056,0.24951553669440132
145,1.4548494983277591,0.2527583411168428
146,1.4648829431438128,0.2559156804891669
147,1.4749163879598663,0.2589886012735222
148,1.4849498327759199,0.2619780994901898
149,1.4949832775919731,0.2648851207175835
150,1.5050167224080269,0.2677105600922498
151,1.5150501672240804,0.27045526230886746
152,1.5250836120401339,0.27312002162024823
153,1.5351170568561872,0.27570558183733607
154,1.5451505016722409,0.278212636329208
155,1.5551839464882944,0.2806419786353587
156,1.565217391304348,0.2829960698502691
157,1.5752508361204012,0.2852772299063073
158,1.585284280936455,0.28748747674944675
159,1.5953177257525084,0.2896287571813841
160,1.605351170568562,0.2917029468595394
161,1.6153846153846154,0.29371185029705577
162,1.6254180602006687,0.29565720086279973
163,1.6354515050167224,0.2975406607813613
164,1.645484949832776,0.29936382113305343
165,1.6555183946488294,0.3011282018539125
166,1.6655518394648827,0.30283525173569814
167,1.6755852842809364,0.30448634842589345
168,1.68561872909699,0.3060827984277046
169,1.6956521739130435,0.30762583710006103
170,1.7056856187290967,0.3091166286576156
171,1.7157190635451505,0.31055626617074444
172,1.725752508361204,0.311945771565547
173,1.7357859531772575,0.313286341718315
174,1.7458193979933108,0.31458022334119595
175,1.7558528428093645,0.3158290515518027
176,1.7658862876254182,0.3170343096924821
177,1.7759197324414715,0.3181974336047379
178,1.7859531772575252,0.31931981162923084
179,1.7959866220735787,0.32040278460577837
180,1.806020066889632,0.3214476458733548
181,1.8160535117056855,0.32245564127009135
182,1.8260869565217392,0.3234279691332761
183,1.8361204013377928,0.32436578029935387
184,1.8461538461538465,0.32527017810392633
185,1.8561872909699,0.3261422183817521
186,1.8662207357859528,0.32698290946674663
187,1.8762541806020068,0.3277932121919822
188,1.88628762541806,0.32857403988968786
189,1.8963210702341136,0.32932625839124957
190,1.9063545150501673,0.33005068602721027
191,1.9163879598662208,0.33074809362726937
192,1.9264214046822743,0.3314192045202836
193,1.936454849498328,0.33206495593899404
194,1.9464882943143813,0.33268666256441326
195,1.9565217391304348,0.3332851745850564
196,1.9665551839464883,0.333861302214589
197,1.9765886287625416,0.3344158327861709
198,1.9866220735785955,0.3349495307524564
199,1.9966555183946488,0.3354631376855943
200,2.0066889632107023,0.33595737227722766
201,2.016722408026756,0.336432930338494
202,2.0267558528428093,0.3368904848000251
203,2.036789297658863,0.33733068571194746
204,2.0468227424749164,0.33775416024388166
205,2.05685618729097,0.33816151268494277
206,2.066889632107024,0.33855332444374037
207,2.0769230769230766,0.3389301540483783
208,2.0869565217391304,0.3392925371464548
209,2.096989966555184,0.33964098650506264
210,2.1070234113712374,0.3399759920107888
211,2.117056856187291,0.3402980206697149
212,2.1270903010033444,0.3406075166074166
213,2.137123745819398,0.3409049010689644
214,2.1471571906354514,0.3411905724189228
215,2.1571906354515047,0.3414649269597123
216,2.1672240802675584,0.34172863470798404
217,2.177257525083612,0.34198215146648614
218,2.187290969899665,0.34222582114732236
219,2.197324414715719,0.34245998028212965
220,2.2073578595317724,0.3426849580220783
221,2.217391304347826,0.3429010761378717
222,2.2274247491638794,0.3431086490197467
223,2.2374581939799327,0.3433079836774734
224,2.247491638795987,0.3434993797403551
225,2.25752508361204,0.34368312945722845
226,2.2675585284280935,0.3438595176964633
227,2.277591973244147,0.3440288219459628
228,2.287625418060201,0.34419131231316347
229,2.297658862876254,0.3443472515250349
230,2.307692307692308,0.3444968949280802
231,2.3177257525083608,0.3446404904883356
232,2.327759197324415,0.3447782787913707
233,2.337792642140468,0.34491049304228816
234,2.3478260869565215,0.3450373590657242
235,2.3578595317725752,0.34515909530584815
236,2.367892976588629,0.34527591282636266
237,2.3779264214046822,0.3453880153105036
238,2.387959866220736,0.3454955990610403
239,2.397993311036789,0.3455988530002751
240,2.408026755852843,0.34569795867004377
241,2.418060200668896,0.34579309023171534
242,2.4280936454849495,0.34588441456668223
243,2.4381270903010033,0.34597212823875945
244,2.448160535117057,0.3460563862700532
245,2.4581939799331103,0.3461372980872261
246,2.468227424749164,0.3462149715218091
247,2.478260869565217,0.34628951281020154
248,2.488294314381271,0.346361026593671
249,2.4983277591973243,0.3464296159183535
250,2.508361204013378,0.3464953822352532
251,2.5183946488294318,0.34655842540024284
252,2.5284280936454846,0.34661884367406326
253,2.5384615384615383,0.34667673372232366
254,2.548494983277592,0.3467321906155017
255,2.5585284280936453,0.3467853078289433
256,2.568561872909699,0.3468361772428626
257,2.578595317725753,0.34688488914234217
258,2.588628762541806,0.3469315322173329
259,2.59866220735786,0.346976193562654
260,2.6086956521739126,0.34701895867799304
261,2.618729096989967,0.34705991146790577
262,2.62876254180602,0.34709913424181643
263,2.638795986622074,0.3471367077140175
264,2.648829431438127,0.3471727110036698
265,2.658862876254181,0.34720722163480255
266,2.668896321070234,0.3472403155363131
267,2.678929765886288,0.3472720670419674
268,2.6889632107023407,0.3473025488903994
269,2.698996655518395,0.34733183222511177
270,2.709030100334448,0.34735998659447515
271,2.7190635451505014,0.3473870480860467
272,2.729096989966555,0.3474130278198257
273,2.739130434782609,0.34743795873340777
274,2.749163879598662,0.3474618734459593
275,2.759197324414716,0.3474848042527574
276,2.7692307692307687,0.3475067831251897
277,2.779264214046823,0.347527841710754
278,2.789297658862876,0.3475480113330589
279,2.7993311036789295,0.3475673229918233
280,2.809364548494983,0.34758580736287664
281,2.819397993311037,0.3476034947981589
282,2.82943143812709,0.3476204153257204
283,2.839464882943144,0.347636598649722
284,2.8494983277591968,0.3476520741504352
285,2.859531772575251,0.3476668708842417
286,2.869565217391304,0.3476810175836338
287,2.8795986622073575,0.34769454265721433
288,2.8896321070234112,0.3477074741896966
289,2.899665551839465,0.34771983994190436
290,2.9096989966555182,0.3477316673507718
291,2.919732441471572,0.3477429835293438
292,2.9297658862876257,0.34775381526677535
293,2.939799331103679,0.34776418902833217
294,2.9498327759197327,0.3477741309553905
295,2.9598662207357855,0.3477836668654369
296,2.96989966555184,0.3477928222520686
297,2.979933110367893,0.347801622284993
298,2.9899665551839467,0.3478100918100284
299,3.0,0.34781823085210667
